# 27 candidates
=0 : [0]
=1 : [1]
=2 : [2]
=3 : [3]
=4 : [4]
=5 : [5]
=6 : [6]
=7 : [7]
=8 : [8]
=9 : [9]
=10 : [10]
=11 : [11]
=12 : [12]
=13 : [13]
=14 : [14]
=15 : [15]
=16 : [16]
=17 : [17]
=18 : [18]
=19 : [19]
=20 : [20]
=21 : [21]
=22 : [22]
=23 : [23]
=24 : [24]
=25 : [25]
=26 : [26]
1:20=12>16=17=1=13=26=21=11=15=7=23=10=4=25=8=6=19=18=24=0=9=5=2=22=14=3
1:16>25>14>15>5
1:7>6>17>0>4>16=1=13=26=21=11=15=23=20=12=10=25=8=19=18=24=9=5=2=22=14=3
1:17>15>25>18>10>22>26>13>16>12>2>4
1:17>19>0>24>6>9>3>23>16=1=13=26=21=11=15=7=20=12=10=4=25=8=18=5=2=22=14
1:23>24>16=17=1=13=0=26=21=11=15=20=12=10=4=25=8=6=19=18=9=5=2=22=14=3=7
1:7>17>15>4>22>6>16>13>21>23
1:19>17>4>15>3>16=1=13=11=7=12=10=25=8=6=18=9=5=2=22>21>23>26>20>14>24>0
1:3>17>0>23>19>18>1>16=13=26=21=11=15=7=20=12=10=4=25=8=6=24=9=5=2=22=14
1:17>1>2>7>3>18>16=13=26=21=11=15=23=20=12=10=4=25=8=6=19=24=0=9=5=22=14
1:16>15>0>14>21>17>2>7>8>1>13>26>20>12>3>11>22>25>9>23
1:7>4>6>15>9>10
1:24>17>3>16=1=13=26=21=11=15=7=23=20=12=10=4=25=8=6=19=18=0=9=5=2=22=14
1:23>24>4>16=17=1=13=26=21=11=15=7=20=12=10=25=8=6=19=18=0=9=5=2=22=14=3
1:19>10=2>25=24=14=18=0>9=6=7=23>8=3=22=5>15>26>4>21>13>11>1>20>17>16=12
1:17>8>6>3>20>16>22>4>15>1>11=21>14>23>5>26>12>2>7>19>13>10=0>24>25>18>9
1:17=13>19=26=1>9=16>22=21>3>14>2>5>0>24>18>6>8>25>4>10>12>20>23>7>11>15
1:19>17>21=8>23>15=9>6=7>1>24>25=22>18=0>14>12>5>16>13=26=11=20=10=4=2=3
1:16>1>26>3>5>22=12>14>23>20>0=25>6>4>18>13>19>10>9>8>21>2>7>11>15>24>17
1:17>0>22>16>12>3>14>9>2>19>11>18>23>15>7>20>10>4>8>25>24>26>21>13>1>6=5
1:6>12>16>15>20>14>26>5>4>8>24>22>9>7>23>25>3>13>17
1:14=16>17>18>10>24>5>3>4>20>25>22>13>21>6>26>0>19>7>15>9>12>23>2>8>1>11
1:7>19>17>15>21>25>8>5=22=9=3=23=14=6=0=2=10=24=18=4=26=12=20=1=13=11=16
1:0=10>6=24=9=15>23>5=2>7>21>17=16=1=13=11=12=4=8=18=22=14=3>19>25=20=26
1:0>4
1:1>17>5>3>26>2>6>21>0>12>7>16=13=11=15=23=20=10=4=25=8=19=18=24=9=22=14
1:23
1:0>9>6>10>19>26>23>7>11>24>14>8>4>21>25>16>5>12>20>15
1:0>19>23>7
1:4>9>19>2>6>21>23>11>7>24>20>17>13>26>1>16>8>14>22>25>3>12>10>15>0>18>5
1:17>4=14>1=9>16>3>23>13>20>22>18>11>12>7>10>15>25>8>6>19>0>5>2>24>26>21
